=== xgboost PERFORMANCE RESULTS for 1 seconds of recording at Sample Rate: 50.0 MHz for xgboost boards ===
              precision    recall  f1-score   support

         0.0       1.00      1.00      1.00        41
         1.0       0.88      0.85      0.87        27
         2.0       0.86      0.89      0.88        28
         3.0       1.00      1.00      1.00       207
         4.0       1.00      0.86      0.92         7
         5.0       0.97      0.98      0.97       464
         6.0       0.94      0.90      0.92        91
         7.0       1.00      0.97      0.99        39
         8.0       0.73      0.75      0.74       103
         9.0       0.86      0.85      0.86       200
        10.0       0.97      0.96      0.97       464
        11.0       1.00      0.71      0.83         7
        12.0       1.00      1.00      1.00       278
        13.0       0.94      0.94      0.94       864
        14.0       0.92      0.93      0.93       807

    accuracy                           0.94      3627
   macro avg       0.94      0.91      0.92      3627
weighted avg       0.94      0.94      0.94      3627
------------------------------
=== xgboost PERFORMANCE RESULTS for 2 seconds of recording at Sample Rate: 50.0 MHz for xgboost boards ===
              precision    recall  f1-score   support

         0.0       1.00      1.00      1.00        78
         1.0       0.80      0.83      0.81        52
         2.0       0.84      0.79      0.81        52
         3.0       0.99      1.00      0.99       213
         4.0       1.00      0.85      0.92        13
         5.0       0.96      0.98      0.97       528
         6.0       0.84      0.86      0.85       180
         7.0       1.00      0.97      0.99        78
         8.0       0.72      0.76      0.74       205
         9.0       0.86      0.76      0.80       200
        10.0       0.98      0.96      0.97       528
        11.0       1.00      0.77      0.87        13
        12.0       0.99      1.00      0.99       354
        13.0       0.94      0.94      0.94       928
        14.0       0.93      0.95      0.94      1013

    accuracy                           0.93      4435
   macro avg       0.92      0.89      0.91      4435
weighted avg       0.93      0.93      0.93      4435
------------------------------
=== xgboost PERFORMANCE RESULTS for 3 seconds of recording at Sample Rate: 50.0 MHz for xgboost boards ===
              precision    recall  f1-score   support

         0.0       1.00      1.00      1.00       115
         1.0       0.91      0.75      0.82        77
         2.0       0.81      0.92      0.86        76
         3.0       0.96      1.00      0.98       219
         4.0       1.00      0.74      0.85        19
         5.0       0.97      0.98      0.97       592
         6.0       0.88      0.88      0.88       269
         7.0       1.00      1.00      1.00       117
         8.0       0.76      0.82      0.79       307
         9.0       0.81      0.70      0.75       200
        10.0       0.98      0.97      0.97       592
        11.0       1.00      0.84      0.91        19
        12.0       0.99      1.00      0.99       430
        13.0       0.94      0.93      0.94       992
        14.0       0.92      0.94      0.93      1019

    accuracy                           0.93      5043
   macro avg       0.93      0.90      0.91      5043
weighted avg       0.93      0.93      0.93      5043
------------------------------
=== xgboost PERFORMANCE RESULTS for 5 seconds of recording at Sample Rate: 50.0 MHz for xgboost boards ===
              precision    recall  f1-score   support

         0.0       1.00      1.00      1.00       192
         1.0       0.82      0.82      0.82       128
         2.0       0.83      0.82      0.82       128
         3.0       1.00      1.00      1.00       232
         4.0       1.00      1.00      1.00        32
         5.0       0.97      0.98      0.97       600
         6.0       0.86      0.86      0.86       328
         7.0       0.99      1.00      1.00       192
         8.0       0.76      0.82      0.79       392
         9.0       0.79      0.66      0.72       200
        10.0       0.98      0.97      0.97       600
        11.0       0.89      0.78      0.83        32
        12.0       0.98      0.99      0.99       464
        13.0       0.95      0.94      0.94      1000
        14.0       0.93      0.94      0.94      1032

    accuracy                           0.93      5552
   macro avg       0.92      0.91      0.91      5552
weighted avg       0.93      0.93      0.93      5552
------------------------------
=== xgboost PERFORMANCE RESULTS for 7 seconds of recording at Sample Rate: 50.0 MHz for xgboost boards ===
              precision    recall  f1-score   support

         0.0       1.00      1.00      1.00       270
         1.0       0.88      0.86      0.87       180
         2.0       0.86      0.88      0.87       180
         3.0       1.00      1.00      1.00       245
         4.0       1.00      1.00      1.00        45
         5.0       0.97      0.98      0.98       600
         6.0       0.89      0.86      0.87       380
         7.0       1.00      1.00      1.00       270
         8.0       0.76      0.83      0.79       445
         9.0       0.75      0.65      0.70       200
        10.0       0.98      0.97      0.97       600
        11.0       0.97      0.80      0.88        45
        12.0       0.98      0.99      0.99       490
        13.0       0.94      0.93      0.94      1000
        14.0       0.92      0.94      0.93      1045

    accuracy                           0.93      5995
   macro avg       0.93      0.91      0.92      5995
weighted avg       0.93      0.93      0.93      5995
------------------------------
=== xgboost PERFORMANCE RESULTS for 10 seconds of recording at Sample Rate: 50.0 MHz for xgboost boards ===
              precision    recall  f1-score   support

         0.0       1.00      1.00      1.00       384
         1.0       0.85      0.89      0.87       256
         2.0       0.88      0.84      0.86       256
         3.0       1.00      1.00      1.00       264
         4.0       1.00      0.98      0.99        64
         5.0       0.97      0.97      0.97       600
         6.0       0.90      0.86      0.88       456
         7.0       1.00      1.00      1.00       384
         8.0       0.76      0.83      0.79       464
         9.0       0.74      0.64      0.69       200
        10.0       0.98      0.96      0.97       600
        11.0       0.98      0.88      0.93        64
        12.0       0.99      1.00      0.99       528
        13.0       0.95      0.93      0.94      1000
        14.0       0.92      0.95      0.93      1064

    accuracy                           0.93      6584
   macro avg       0.93      0.92      0.92      6584
weighted avg       0.93      0.93      0.93      6584
------------------------------
=== xgboost PERFORMANCE RESULTS for 15 seconds of recording at Sample Rate: 50.0 MHz for xgboost boards ===
              precision    recall  f1-score   support

         0.0       1.00      1.00      1.00       576
         1.0       0.91      0.90      0.90       384
         2.0       0.90      0.91      0.90       384
         3.0       1.00      1.00      1.00       296
         4.0       1.00      0.99      0.99        96
         5.0       0.97      0.98      0.97       600
         6.0       0.90      0.89      0.89       584
         7.0       1.00      1.00      1.00       576
         8.0       0.76      0.81      0.79       496
         9.0       0.76      0.65      0.70       200
        10.0       0.98      0.97      0.97       600
        11.0       0.97      0.93      0.95        96
        12.0       0.98      0.99      0.99       592
        13.0       0.94      0.93      0.94      1000
        14.0       0.93      0.95      0.94      1096

    accuracy                           0.94      7576
   macro avg       0.93      0.93      0.93      7576
weighted avg       0.94      0.94      0.94      7576
------------------------------
=== xgboost PERFORMANCE RESULTS for 20 seconds of recording at Sample Rate: 50.0 MHz for xgboost boards ===
              precision    recall  f1-score   support

         0.0       1.00      1.00      1.00       712
         1.0       0.93      0.88      0.91       456
         2.0       0.90      0.94      0.92       512
         3.0       0.99      1.00      0.99       328
         4.0       0.99      0.98      0.98       128
         5.0       0.97      0.97      0.97       600
         6.0       0.90      0.90      0.90       656
         7.0       1.00      1.00      1.00       600
         8.0       0.77      0.80      0.79       528
         9.0       0.74      0.64      0.68       200
        10.0       0.97      0.97      0.97       600
        11.0       0.97      0.92      0.94       128
        12.0       0.98      0.99      0.99       656
        13.0       0.94      0.93      0.94      1000
        14.0       0.93      0.95      0.94      1128

    accuracy                           0.94      8232
   macro avg       0.93      0.92      0.93      8232
weighted avg       0.94      0.94      0.94      8232
------------------------------
=== xgboost PERFORMANCE RESULTS for 30 seconds of recording at Sample Rate: 50.0 MHz for xgboost boards ===
              precision    recall  f1-score   support

         0.0       1.00      1.00      1.00       968
         1.0       0.92      0.85      0.88       584
         2.0       0.89      0.94      0.92       768
         3.0       1.00      1.00      1.00       392
         4.0       1.00      0.99      1.00       192
         5.0       0.96      0.97      0.96       600
         6.0       0.92      0.91      0.91       784
         7.0       1.00      0.99      1.00       600
         8.0       0.78      0.83      0.80       592
         9.0       0.74      0.64      0.68       200
        10.0       0.98      0.96      0.97       600
        11.0       0.97      0.94      0.95       192
        12.0       0.98      0.99      0.99       784
        13.0       0.95      0.93      0.94      1000
        14.0       0.93      0.95      0.94      1192

    accuracy                           0.94      9448
   macro avg       0.93      0.93      0.93      9448
weighted avg       0.94      0.94      0.94      9448
------------------------------
